"rep","beta1","slctnCoff","var_slctn","sl_","sl_obs","scale","shape","var_log_sl_","var_sl_log_sl_","smoothingFctr","moransI","movePenalty","nThin"
"land",1,0,0.140669299298315,0.30051395119577,-0.00593146354119107,1,9.46033587077203,1.65135368321906,0.0825276528775998,-0.00526281453431406,1,0.969490826633684,0,100
"land1",2,0,-0.142857071620164,0.307545336659886,0.0043348732409824,1,8.71563429837275,1.40212157257093,0.0786565340677103,-0.00651489805911694,1,0.969490826633684,0,100
"land2",3,0.5,0.330452680623952,0.274496189567078,0.00307402332993434,1,14.6297666387342,1.10912252278591,0.0503973562335716,-0.00328662696494547,1,0.969490826633684,0,100
"land3",4,1.5,1.99298873397771,0.40301249631419,0.00761059766778174,1,11.2306321406006,1.23859093808026,0.0465439578540865,-0.00362793696937692,1,0.969490826633684,0,100
"land4",5,0,0.361242802943101,0.369346420004511,0.00221563963395549,1,13.0685387099894,1.17434966033572,0.0491972916080131,-0.00326940726346142,1,0.969490826633684,0,100
"land5",6,1,0.25223955293305,0.343768868968537,0.00144870065389864,1,7.63357927265746,1.43521360655085,0.0714063418503954,-0.00623107687175414,1,0.969490826633684,0,100
"land6",7,1,1.76919071689562,0.366242970389101,-0.00271279671678778,1,9.16994980391031,1.33830519757665,0.0521064495038053,-0.00408341400823438,1,0.969490826633684,0,100
"land7",8,0.5,-0.263309499800853,0.318169859501709,0.000923824126413402,1,17.8287868390751,0.960405800137249,0.0322330470367335,-0.00176625284233934,1,0.969490826633684,0,100
"land8",9,0,-0.937806424340676,0.46901522913992,0.0108871117070808,1,8.67337888888592,1.30741727413195,0.0681073643426599,-0.00618065129199027,1,0.969490826633684,0,100
"land9",10,1.5,0.0646472855131513,0.307830763372925,0.00210103813916801,1,9.55425465181882,1.32111224423309,0.0638142621585822,-0.0053262385110555,1,0.969490826633684,0,100
"land10",11,1.5,-0.317771194517063,0.305608796142367,0.000456086305010719,1,11.1885404898665,1.16908289861381,0.0479633964668261,-0.00378132868556309,1,0.969490826633684,0,100
"land11",12,1,1.36272078384414,0.288374204130075,0.00725865747503914,1,9.27609994890415,1.81889465689505,0.119077473354685,-0.0072284828618263,1,0.969490826633684,0,100
"land12",1,0,1.005063895559,0.392545743736683,-0.00623625444897443,1,5.8501839655147,1.68941882696196,0.105356779501041,-0.0102630897893195,1,0.969490826633684,0,100
"land13",2,0,-1.2750924542411,0.391825395594763,-0.0118867986012067,1,6.92058849778676,1.84974268727,0.1219921120884,-0.00954457305102181,1,0.969490826633684,0,100
"land14",3,1.5,-0.115178168730834,0.362369519881103,-0.0182489349683335,1,5.5605650835621,2.03717546484822,0.14948849909556,-0.0133240866661224,1,0.969490826633684,0,100
"land15",4,0,0.887291370678917,0.318827644938058,-0.0187303492688148,1,8.1945945191983,1.61221933103217,0.0826703232115768,-0.0060754660921678,1,0.969490826633684,0,100
"land16",5,1,-0.226500742410811,0.349205233456196,-0.00626296434021287,1,6.97836207045743,1.64903272795577,0.0946671675577138,-0.00785761280744154,1,0.969490826633684,0,100
"land17",6,0,0.563040098482453,0.359751662808507,0.0107801061770294,1,10.9880396338869,1.42222038881051,0.074039140260772,-0.00503751131488741,1,0.969490826633684,0,100
"land18",7,1.5,-0.756492164014072,0.265980818226359,-0.00989145147889893,1,12.8520399595938,1.19094024543678,0.0460169421534157,-0.00296439174729036,1,0.969490826633684,0,100
"land19",8,0.5,-0.976797371205665,0.609374809685063,-0.0146696093861455,1,2.9289975376096,2.72377746359832,0.2596930958947,-0.0325425783048255,1,0.969490826633684,0,100
"land20",9,0.5,-0.83410133754206,0.258656858261907,0.00138792196243474,1,14.3403158467524,1.23317573027702,0.0554326372070687,-0.00311235619458473,1,0.969490826633684,0,100
"land21",10,1,0.907220328609795,0.412505744546185,0.00909832206038833,1,7.0672321582229,1.59895188739076,0.0874912915023162,-0.00827531019367517,1,0.969490826633684,0,100
"land22",11,1.5,0.475955262639615,0.317714133225689,-0.00604073971236246,1,7.54898026143394,1.61164763951529,0.080768882888299,-0.00645949970929399,1,0.969490826633684,0,100
"land23",12,0,-0.27085842890973,0.289288467239473,-0.00244052268017686,1,11.3761024982902,1.38483008085935,0.0623550098808579,-0.00396543903626263,1,0.969490826633684,0,100
"land24",13,0,-0.106346066158039,0.227558072237137,0.00720248486970834,1,14.7504910963759,1.12146747274039,0.0492393162503527,-0.00298966801758904,1,0.969490826633684,0,100
"land25",14,1.5,0.0140841417707887,0.36574403996537,8.11921376162186e-05,1,9.75290649676935,1.27238271051583,0.0510406393405442,-0.00421550957563359,1,0.969490826633684,0,100
"land26",15,0,0.078276550769397,0.293860253321307,-0.0108524015720447,1,9.37170236059193,1.47063787961922,0.0732476350507344,-0.0053171932500848,1,0.969490826633684,0,100
"land27",16,2,0.482376136049447,0.463892048958604,-0.0135516609603995,1,7.21271812720046,1.371239841904,0.0645269734974467,-0.00688070804012899,1,0.969490826633684,0,100
"land28",17,1,0.0871401702519726,0.544392963583605,-0.0104980789770047,1,4.53088011668256,2.05966070448562,0.143291142751032,-0.01486165438832,1,0.969490826633684,0,100
"land29",1,2,0.186642434156239,0.456640557865763,0.0147103084857716,1,3.85676307936764,2.12948914472004,0.196268185117606,-0.0229892795253795,1,0.969490826633684,0,100
"land30",1,2,0.167883760016791,0.539250393591031,-0.00397626637128763,1,3.50853124444177,2.19274461913273,0.166797140605115,-0.0222281460032459,1,0.969490826633684,0,100
"land31",2,0.5,-1.4836439291677,0.310202066431104,-0.00829106060968821,1,10.0085935716226,1.7737266234761,0.0974637723291682,-0.00541466250421269,1,0.969490826633684,0,100
"land32",3,0.5,-0.903628651562033,0.404003594032375,-0.000301602152096016,1,7.16834215824513,1.54500726558524,0.0935894481050405,-0.00813348586669655,1,0.969490826633684,0,100
"land33",4,2,-0.361892579860326,0.350979549262542,-0.00437016789120172,1,9.92134198131165,1.42785990183488,0.067118918574043,-0.00467523630768895,1,0.969490826633684,0,100
"land34",5,2,0.348018605041243,0.357409722541483,-0.00329348567678585,1,5.39161421368496,1.51478637427841,0.0816642167565622,-0.00957659071997783,1,0.969490826633684,0,100
"land35",6,0,0.921073139932877,0.307511912570451,0.00769609260739986,1,13.2973951530613,1.1470448631247,0.0556095502986538,-0.00383997354581697,1,0.969490826633684,0,100
"land36",7,0,0.0545529619030601,0.356578713895302,-0.00179975373590801,1,11.5797649756893,1.13020905420583,0.04177811809091,-0.00317704510127206,1,0.969490826633684,0,100
"land37",8,1.5,-0.256495753151941,0.48244624078479,-0.0040858377038032,1,5.29642556057167,1.53545315750365,0.0769413244691876,-0.00992077967698411,1,0.969490826633684,0,100
"land38",9,1,-0.35076645204869,0.49690498828468,-0.014744430529194,1,4.19437872533795,2.35691667752457,0.187790166695583,-0.0178918971243663,1,0.969490826633684,0,100
"land39",10,0.5,0.173465423487545,0.325472780632541,0.000244981787470496,1,9.4439365067759,1.23432563760286,0.0483589797708878,-0.0040561670864964,1,0.969490826633684,0,100
"land40",11,1.5,1.27256183200767,0.355592891184862,0.00958453326592744,1,9.22960371917277,1.22137762527925,0.0631840798317019,-0.00560370176573298,1,0.969490826633684,0,100
"land41",12,0.5,0.189391133549742,0.274250671726346,0.00291025692967827,1,11.9792656604642,1.12795483080183,0.0457530497739628,-0.00326791302719562,1,0.969490826633684,0,100
"land42",13,0,0.370970238469878,0.321481693088474,-0.00572258889308077,1,12.2684945571815,1.2592551229269,0.051955211085373,-0.00344943792432017,1,0.969490826633684,0,100
"land43",14,2,-1.89547100183481,0.48746264625135,-0.00658081183638819,1,8.4794476085868,1.33189473152187,0.0649433038049649,-0.00545884663327309,1,0.969490826633684,0,100
"land44",15,1.5,-1.10489585655515,0.351614983396857,-0.011618962140578,1,6.31047852356116,1.67192528394206,0.0853364031702423,-0.00790760531644971,1,0.969490826633684,0,100
"land45",16,1,-0.503199643790637,0.368487700144274,-0.0179381067746757,1,7.40392559592157,1.66111709026523,0.0948886517620323,-0.00769839938578809,1,0.969490826633684,0,100
"land46",17,1,-0.632464983010371,0.525029246252428,-0.00158348034376933,1,7.00617022582601,1.47135922061789,0.0796722154175333,-0.00764657671699269,1,0.969490826633684,0,100
"land47",18,1.5,-0.552801052178228,0.287766948688449,-0.00416042978232741,1,11.4312388679972,1.30561790862131,0.0565490483967479,-0.00385179890000341,1,0.969490826633684,0,100
"land48",19,1,-0.577935847282052,0.278409224628261,-0.00164105377248742,1,10.5025816750326,1.24254049688035,0.0507780838759014,-0.00380247652402289,1,0.969490826633684,0,100
"land49",20,0.5,0.0649381846803627,0.352965231012917,-0.00227191347085835,1,7.99043384465814,1.66700595501619,0.0933130580757856,-0.00695030675735539,1,0.969490826633684,0,100
"land50",21,0.5,-0.981448332461738,0.40993556695886,-0.00932946035566405,1,6.97445275697195,1.43602677740162,0.0662471648860771,-0.00635710858388909,1,0.969490826633684,0,100
"land51",22,0.5,0.354758306562383,0.261479856006979,-0.00491404002237354,1,13.2495959093325,1.42540623393473,0.068880077288721,-0.00363362921615239,1,0.969490826633684,0,100
"land52",23,1,0.0411305687817195,0.3110231018745,0.00585888982763656,1,12.1167887049539,1.10101729890599,0.0408436841581618,-0.00320813160470329,1,0.969490826633684,0,100
"land53",24,1.5,1.2171022562842,0.297133109228504,0.000776916347560084,1,11.0322689303716,1.34153772987824,0.0673686526505909,-0.0046666481863609,1,0.969490826633684,0,100
"land54",25,0.5,0.672803317199526,0.456074042055936,-0.00274029116020319,1,4.45983808727726,1.90930942988996,0.13042174475005,-0.0153680210653338,1,0.969490826633684,0,100
"land55",26,1,0.497573604899591,0.273096522292674,-0.00161361921190663,1,9.72203415645344,1.32027901140193,0.0571017650913953,-0.00435162991999941,1,0.969490826633684,0,100
"land56",27,2,-0.216592926918233,0.318044101243577,0.00602803015144982,1,5.88260028903247,1.70203700825351,0.117748260051788,-0.0115544954407511,1,0.969490826633684,0,100
"land57",28,1,-0.600442255077033,0.776119642293245,0.00431049205864036,1,5.59139135558005,1.44768762062383,0.0764833966933599,-0.0091167005504119,1,0.969490826633684,0,100
"land58",29,1,0.0394462978726999,0.264304136258179,-0.000966146303876835,1,10.6407526912159,1.3208369387112,0.0623600025705993,-0.00429610724238235,1,0.969490826633684,0,100
"land59",30,1,0.320719512827567,0.295665929657351,0.00346744989517098,1,14.374498915223,1.11299714899383,0.0420431591631095,-0.00262179223770706,1,0.969490826633684,0,100
"land60",31,0,0.929150011328513,0.497659306262701,0.00719820204458632,1,4.53124094193483,1.78216478229428,0.132794632104433,-0.0169200875998017,1,0.969490826633684,0,100
"land61",32,1.5,-0.999922771755906,0.300583055452771,-0.00593945526564309,1,10.5662683088867,1.46278368590906,0.0737872739087323,-0.00464340294454678,1,0.969490826633684,0,100
"land62",33,0,-0.0796864966533924,0.239716080325191,-0.00158412444552061,1,13.8835821186755,1.18329678729743,0.0462995939951899,-0.00272934185159621,1,0.969490826633684,0,100
"land63",34,1.5,-0.575221623159226,0.44554739528715,0.00533659258432862,1,6.68491611816372,1.44325153832533,0.0734133521873017,-0.00731532676711182,1,0.969490826633684,0,100
"land64",35,1.5,-0.0100251358106577,0.251493692623953,0.00442368563881658,1,11.8741005871319,1.20147113528418,0.0477732243013894,-0.00347570421370286,1,0.969490826633684,0,100
"land65",1,1.5,0.542065253664464,0.308810334257144,0.0171289090497741,1,6.37767839093334,1.63099452108984,0.091603357381206,-0.00844412148346817,1,0.969490826633684,0,100
"land66",2,2,1.42518697246779,0.344487906605835,0.00142131801286279,1,14.9627608341472,1.21232658199218,0.0547804251100545,-0.00313641863484277,1,0.969490826633684,0,100
"land67",1,2,-0.369896813740568,1.09364206123015,-0.227328342331902,1,1.68333647141706,3.63259356819881,0.550873075832298,-0.0881518780507143,1,0.969490826633684,0,100
"land68",2,1.5,-0.0179135560175075,0.365878116148354,-0.00535420281236331,1,7.07022861447166,1.63272889086136,0.0917447012126947,-0.00758727005761221,1,0.969490826633684,0,100
"land69",1,0.5,1.19315292036184,0.424139315484706,0.00912011687888947,1,14.230085941118,1.06820234739843,0.0412760919527935,-0.00265981964971461,1,0.969490826633684,0,100
"land70",1,0.5,0.506195453469439,0.242409125074196,-0.0286708276322293,1,8.14178541194341,1.6888545626894,0.0853420748984753,-0.00618609994708982,1,0.969490826633684,0,100
"land71",2,2,0.352241813033141,0.310758828917198,-0.00323948358698611,1,8.71771712411854,1.45251298904036,0.0683777881313013,-0.00527653575948876,1,0.969490826633684,0,100
"land72",3,0,-0.225537527191898,0.26213748914058,-0.00133762768897628,1,12.422783579744,1.17310999784839,0.0496286376620452,-0.00341469656492437,1,0.969490826633684,0,100
"land73",4,2,0.565108348868332,0.541925910619277,0.0123395319694816,1,4.90094032268333,1.79998179366987,0.14830193554458,-0.016571156673819,1,0.969490826633684,0,100
"land74",5,0.5,1.65260332147097,0.455747577252401,0.0137417371532398,1,7.94174519556778,1.50402985365324,0.0763061397514764,-0.00661786682200294,1,0.969490826633684,0,100
"land75",1,1,0.325221402382952,0.319017257741337,0.00177367255005987,1,9.08489386980665,1.38362919013368,0.0689802500951728,-0.00576260299164841,1,0.969490826633684,0,100
"land76",2,1,0.235210531281704,0.323391046574175,-0.00296182032332334,1,12.2194133709855,1.23518316639003,0.0475963112206607,-0.00317670708521703,1,0.969490826633684,0,100
"land77",1,1.5,-0.705746298747156,0.33928712698028,0.00326593164712864,1,6.43200821077544,1.50158119943206,0.0808776746165966,-0.00801628233255913,1,0.969490826633684,0,100
"land78",1,1,0.0376421612426187,0.300881258553061,-0.00186721508100193,1,8.57345309134625,1.37203727263085,0.0580129804648262,-0.00497263103841901,1,0.969490826633684,0,100
"land79",2,0.5,0.478202202042036,0.387755528448344,-0.0103199128083125,1,7.38407525789879,1.54630866686269,0.0857274816357305,-0.00723045362655343,1,0.969490826633684,0,100
"land80",3,1.5,-0.0318506686978872,0.284086916894774,-0.00375740569469483,1,7.03247151696228,1.49730582511775,0.0840411926693015,-0.00772242942043709,1,0.969490826633684,0,100
"land81",4,1.5,0.849015916945752,0.355861084290223,0.0106119143516791,1,6.26702133718982,1.41319628729988,0.0825816619641415,-0.0085616968938838,1,0.969490826633684,0,100
"land82",5,1,0.767129419314602,0.306360694459434,0.000217579575596783,1,12.9545953426595,1.06035321654955,0.0418603361587667,-0.00326237078259097,1,0.969490826633684,0,100
"land83",6,1.5,-0.319415773194086,0.45727027270234,-0.00480962700065139,1,3.02806440633923,2.556810658275,0.217290070010061,-0.0259269864591126,1,0.969490826633684,0,100
"land84",1,0.5,0.414986952907049,0.300146327349274,0.00251229919633582,1,9.58610970803193,1.41080975192379,0.0696379549913927,-0.00534921808823499,1,0.969490826633684,0,100
"land85",2,0.5,-0.733962327339687,0.261601230493319,0.00239701920028881,1,12.4832049631095,1.33610111740464,0.0643157958550474,-0.00408816150423563,1,0.969490826633684,0,100
"land86",3,1.5,0.318258536637244,0.351489076918459,-0.0296708771197792,1,5.92250344964521,1.74245551819695,0.105728990896208,-0.0100713948156511,1,0.969490826633684,0,100
"land87",4,0,0.505629345163901,0.289532376804468,0.00900155460277736,1,11.2138556901216,1.27844713686463,0.0615884049327325,-0.00444084156626959,1,0.969490826633684,0,100
"land88",1,1,-0.747607853324937,0.289000991063087,-0.000281696144841021,1,11.1033714832205,1.18853693154186,0.0555521089171554,-0.00421893909565928,1,0.969490826633684,0,100
"land89",1,0.5,-0.155626539049103,0.239613634836049,0.00175358807715193,1,13.9005950540118,1.29281887338319,0.0563056299424891,-0.00319333506612089,1,0.969490826633684,0,100
"land90",2,2,-0.126207168490853,0.201985695118199,-0.000330833059562739,1,17.4737828288321,1.05927702493492,0.034464013147156,-0.00175587544133134,1,0.969490826633684,0,100
"land91",3,2,1.50015706760854,0.524597438565488,0.013892647044537,1,5.65902722846328,1.7887381269821,0.121415614663726,-0.0127787085817446,1,0.969490826633684,0,100
"land92",1,1,-0.0941440062789555,0.300014627673046,0.00397284479342115,1,10.5703394787337,1.30734742780999,0.060505720566022,-0.0046129592658306,1,0.969490826633684,0,100
"land93",1,0,0.361746156799269,0.251863103407939,0.00677715176550135,1,16.8958153267939,1.19321116144186,0.0663908209797383,-0.00368515934459491,1,0.969490826633684,0,100
"land94",2,1.5,1.19023733664547,0.408474572281945,-0.0369262246158326,1,4.85911936454188,1.70695484616439,0.103172788883697,-0.012692502667233,1,0.969490826633684,0,100
"land95",3,2,0.792493540412673,0.322588146045193,0.0041179799223584,1,9.70884118344892,1.12964789467398,0.0426055895959348,-0.00346921192959284,1,0.969490826633684,0,100
"land96",1,0,0.224325096737981,0.358350990718571,0.0139656617571261,1,10.2098821843292,1.36601514908147,0.0804006362979668,-0.00614476126681805,1,0.969490826633684,0,100
"land97",1,0,0.742248280710844,0.452865051598618,0.00214394894950295,1,4.79361496970638,2.07860359399077,0.161862330780873,-0.0159572362345911,1,0.969490826633684,0,100
"land98",1,2,0.0100698204739529,0.375280968114806,-0.0115570361015787,1,4.46607755269112,2.18949756891931,0.176735000091073,-0.0174015979866836,1,0.969490826633684,0,100
"land99",1,1,-0.681534950612427,0.422371830293451,0.00449641857719632,1,7.06104388060503,1.52832924126364,0.0905721660747268,-0.00832006986510072,1,0.969490826633684,0,100
"land100",2,0.5,-0.0894878040255358,0.264804903555332,-0.00599948593561511,1,13.0663375550394,1.17626531341507,0.0467568155191129,-0.00310070649958591,1,0.969490826633684,0,100
"land101",3,0,-0.798859439547951,0.347919374269359,0.000492490096171165,1,12.5271141863603,1.20677663146277,0.0417027081290108,-0.00281436785640592,1,0.969490826633684,0,100
"land102",4,0.5,-0.842642322424195,0.364357577338956,-0.00197452216597455,1,8.76357530394562,1.54363960355586,0.0973115010099204,-0.00710548683906175,1,0.969490826633684,0,100
"land103",5,1,-0.243392464645172,0.364177282711309,0.00223536517870405,1,7.03552973513776,1.58023985193123,0.0900417009697702,-0.00777285730337831,1,0.969490826633684,0,100
"land104",6,0,0.11299789805674,0.267218730903116,-0.00641727783284012,1,10.464910610011,1.2927888786425,0.0570894207801586,-0.00419123521592443,1,0.969490826633684,0,100
"land105",7,0.5,1.15258213920077,0.465448478593293,-0.0103565687155722,1,7.69129967795779,1.56959967547186,0.0858399994909573,-0.00714438149291679,1,0.969490826633684,0,100
"land106",8,1.5,-0.584160613184846,0.36477906596448,0.0122079243226218,1,6.70439687313902,1.68180433338143,0.114502060907457,-0.00992568410219728,1,0.969490826633684,0,100
"land107",9,0,0.298716033217989,0.446608055295867,-0.0035977736721303,1,10.3016360309618,1.3449329009576,0.0649157666568652,-0.00473677328914513,1,0.969490826633684,0,100
"land108",1,1,-0.271658133301684,0.218105562952422,0.00144092161948364,1,14.2283291032631,1.13012374039762,0.0508409468878758,-0.00291514271710259,1,0.969490826633684,0,100
"land109",2,0,0.059716154097713,0.280091779952439,0.000771869637069309,1,15.254108741592,1.14046449047687,0.0442044265925868,-0.00260294553473218,1,0.969490826633684,0,100
"land110",3,2,0.535179272584034,0.340494616921555,-0.00634691812896393,1,7.64049575475326,1.33870572698381,0.0630172125763165,-0.00589933074368379,1,0.969490826633684,0,100
"land111",4,0,-0.339821548098725,0.235661999762169,-0.000304257319386913,1,19.8517969182461,1.21966039910532,0.0490040948614195,-0.00199133402692158,1,0.969490826633684,0,100
"land112",5,0.5,0.523528504667347,0.294096387075466,0.00135640760052806,1,15.1178253803046,1.17138809725032,0.0493795990641901,-0.00277000376327165,1,0.969490826633684,0,100
"land113",6,1,0.2735951447106,0.287374862047763,-0.00399122538702892,1,13.309889202483,0.989306709413435,0.0326441014959219,-0.00255348153463496,1,0.969490826633684,0,100
"land114",7,1.5,-0.0300206665386612,0.298004414539664,-0.009568691023695,1,11.2913009796937,1.13799014946532,0.0424660749569273,-0.00336618080218822,1,0.969490826633684,0,100
"land115",8,2,0.729642640668981,0.317349030249167,-0.00734399555377389,1,7.89831563145816,1.50541173966202,0.0830388030822638,-0.00666930738808355,1,0.969490826633684,0,100
"land116",9,0.5,0.381911995586486,0.254868136774025,-0.00238646418586486,1,13.4359920216629,1.28035466743267,0.0575520153055156,-0.00329146950138701,1,0.969490826633684,0,100
"land117",10,1.5,0.18049482340478,0.257805290339009,0.000320708447575629,1,11.570653231239,1.39277387186205,0.0679697656997544,-0.00432678915393277,1,0.969490826633684,0,100
"land118",11,0,-0.182677215486846,0.389077807878617,-0.00138052279735811,1,5.99205394794035,1.94106239942747,0.129475479471847,-0.0113228013679528,1,0.969490826633684,0,100
"land119",12,0.5,0.292075724156372,0.27957723682673,-0.00454195497475165,1,13.9624921263084,1.22856841045424,0.0527525070074711,-0.00308476315061683,1,0.969490826633684,0,100
"land120",13,0.5,-0.29831884875101,0.245991928939261,0.00360480524740521,1,18.7733300942721,1.00375718680616,0.0372478168091958,-0.00210302259375707,1,0.969490826633684,0,100
"land121",14,1,1.21869979172858,0.420818073588789,0.00183826939392556,1,9.96079105412576,1.23193002606007,0.0554150937217612,-0.0045819165148226,1,0.969490826633684,0,100
"land122",15,2,1.05960581178294,0.515493695742866,0.00804377919733278,1,4.29373804518376,1.94053429746313,0.137597939331389,-0.0170347302187659,1,0.969490826633684,0,100
"land123",16,0,-0.533506689122343,0.325450498825516,-0.00455431194972344,1,11.4550073648184,1.24703976801472,0.0488710958215571,-0.00330668806900797,1,0.969490826633684,0,100
"land124",1,1.5,-0.964150149469334,0.349762007237537,0.00232620230094837,1,9.64768118792686,1.3665969354981,0.0629416261466672,-0.00476363460670545,1,0.969490826633684,0,100
"land125",1,0.5,-1.71885392790534,0.720436226484502,0.000458878892530241,1,5.21426927218538,1.85627971372715,0.131619517705641,-0.0132672543376391,1,0.969490826633684,0,100
"land126",2,1,0.482715661114368,0.342525525255318,0.0075914367627663,1,8.77831529001413,1.40995851916476,0.0687836716294085,-0.005719795002756,1,0.969490826633684,0,100
"land127",1,1.5,-0.177066502185919,0.267237725985394,0.00283704865018113,1,11.4528437826634,1.2522521581173,0.0580990819087221,-0.00420655932742662,1,0.969490826633684,0,100
"land128",2,1.5,-0.674419953098776,0.359143476457884,0.00364409792282395,1,7.82295100649329,1.6894396337849,0.102030657136475,-0.00780380844777846,1,0.969490826633684,0,100
"land129",3,1.5,1.24338650025644,0.441130269101966,-0.00172474398446987,1,7.22443524148423,1.5576460588885,0.0802606313010807,-0.0070182997217519,1,0.969490826633684,0,100
"land130",4,1,-0.392615108778919,0.234561431499031,-0.000376160744007223,1,15.2458812317967,0.981867101652502,0.0237496372438482,-0.00157472474800225,1,0.969490826633684,0,100
"land131",5,1.5,0.61308218694468,0.245190004989309,0.00452160859634603,1,15.0079418124717,1.12658299440943,0.0479065410279298,-0.00278744714891346,1,0.969490826633684,0,100
"land132",6,2,1.08776805231395,0.300350919837325,0.00176755311147265,1,9.85154583552605,1.11690957504284,0.0439664288350652,-0.00402841463329589,1,0.969490826633684,0,100
"land133",7,0,-0.302550452311894,0.285853542568953,-0.00366203851712539,1,7.92419900748153,1.54595813935595,0.0779928047467486,-0.0063023420320941,1,0.969490826633684,0,100
"land134",8,1,0.00895540965280058,0.308970016572816,0.00949629645169378,1,10.6761826292474,1.20524398691336,0.0619872544072928,-0.00465937323055459,1,0.969490826633684,0,100
"land135",9,1.5,0.836407219362007,0.322442988338532,-0.00481359642065852,1,10.6275322628767,1.29628189350908,0.0541772159297398,-0.00367168820488163,1,0.969490826633684,0,100
"land136",1,1,0.301155826335917,0.333075308536295,-0.000414910327564348,1,8.66541277619196,1.48399076758177,0.0698632606423224,-0.00538314448142602,1,0.969490826633684,0,100
"land137",2,0,0.30926018383088,0.47445556157159,0.0136392367117282,1,3.99983251527569,2.45677362931867,0.228291588579666,-0.0230285211006612,1,0.969490826633684,0,100
"land138",1,0.5,-0.822511192215937,0.497360486724196,0.00736719485572787,1,6.59682200490044,1.4778425484427,0.0794131697798059,-0.00830415752906592,1,0.969490826633684,0,100
"land139",2,0,-0.757453406059832,0.544988271017478,-0.0064038724484896,1,5.28001625763979,2.07569050642387,0.13574245651423,-0.0121126626371628,1,0.969490826633684,0,100
"land140",3,2,-1.32127965943327,0.659084158667478,-0.00533993483559673,1,3.31916594367306,2.30731208246508,0.186385086787358,-0.0247537377201735,1,0.969490826633684,0,100
"land141",4,0,-1.00855285047343,0.270798353341102,0.000863576180346266,1,19.5497966629002,1.17494466415249,0.0482824992649297,-0.00219013810514039,1,0.969490826633684,0,100
"land142",5,0,-1.11495709702018,0.553073027690817,-0.0932596614076841,1,2.85185036432601,2.84561790331319,0.305966983239747,-0.0377652690455394,1,0.969490826633684,0,100
"land143",6,1.5,-0.0898502896319372,0.214094555202331,0.000927488600898077,1,16.1140137307895,1.10032978098484,0.0395284129481156,-0.00215149456846521,1,0.969490826633684,0,100
"land144",7,0.5,-0.335380346384541,0.307942345098689,-0.00482893801500687,1,13.1718566769741,1.1896531116797,0.0509007591804438,-0.00323528865591815,1,0.969490826633684,0,100
"land145",8,0.5,-0.0263046877014766,0.233133650942967,0.00051894793889162,1,18.9868848004092,1.11604761309588,0.0397920145692711,-0.00190642167729336,1,0.969490826633684,0,100
"land146",9,1,0.353522345199955,0.361848726526997,0.0110212257163107,1,10.1558191055963,1.37540195094021,0.0705856727403043,-0.00530109532934512,1,0.969490826633684,0,100
"land147",10,1,0.504080452280126,0.425211890860107,0.00680842388762883,1,10.4131878371438,1.29649679537723,0.0693945746830535,-0.00518707670146621,1,0.969490826633684,0,100
"land148",11,1,-0.0886292154617463,0.281371797972841,-0.00167135559867464,1,11.2033773775687,1.44172273537309,0.0654215379253663,-0.00413637946284122,1,0.969490826633684,0,100
"land149",12,0.5,-0.649693721637526,0.228698538520076,-0.00247079840326249,1,15.6273496514342,1.05866646252992,0.0365208356566647,-0.00212147607631853,1,0.969490826633684,0,100
"land150",13,1.5,-0.238782947696233,0.293902058758126,0.000162145443550609,1,9.69276690722577,1.38628211706306,0.0658680677692549,-0.00484246656082936,1,0.969490826633684,0,100
"land151",14,2,-0.289946588470753,0.46487288509283,0.00546012002968375,1,4.69959297556012,1.90159636340269,0.131669320663686,-0.0144449883626666,1,0.969490826633684,0,100
"land152",15,1.5,-0.0717730191598907,0.383459699770381,0.00133041125670639,1,6.16631769735039,1.56251136982058,0.0768409942129088,-0.00776763041458827,1,0.969490826633684,0,100
"land153",16,2,0.0588782144012852,0.285966523098457,0.00330488610072581,1,7.78990434850244,1.52330992975873,0.0858339044749051,-0.0073564279119699,1,0.969490826633684,0,100
"land154",17,0.5,-1.61647686304286,0.366043451954572,-0.00663942466043869,1,10.3668287077159,1.31482120250843,0.0548575864926692,-0.00417536227957848,1,0.969490826633684,0,100
"land155",18,0,-0.441647945655615,0.274850698463606,-0.00617310447771699,1,11.1572862697627,1.27937556071807,0.0582429534090976,-0.00386820498091967,1,0.969490826633684,0,100
"land156",19,0.5,0.64105216531274,0.314060208215083,0.000582991229808837,1,13.9161735333106,1.11514978404199,0.0399632364260898,-0.00261179679764298,1,0.969490826633684,0,100
"land157",20,1.5,0.764083285234312,0.394221478678753,-0.00281851761062822,1,8.81894949923553,1.26555921561322,0.0527757197080911,-0.0045793382640737,1,0.969490826633684,0,100
"land158",21,1,0.48530323488756,0.454930798934889,-0.02892132883506,1,4.08014691708904,2.29105131942398,0.184391080859536,-0.0187769408321949,1,0.969490826633684,0,100
"land159",22,2,-1.40797295942648,0.548245283244855,0.0228191455548215,1,4.48810265541692,2.26841586750358,0.207234647704446,-0.0199398326681614,1,0.969490826633684,0,100
"land160",23,1.5,-0.659671471609647,0.38556525460162,-0.00567637632214684,1,5.20321371238194,2.1104818900289,0.141117044063765,-0.0123703238819512,1,0.969490826633684,0,100
"land161",24,2,-0.104314404107378,0.362451328988593,0.00324601108567666,1,10.7063859941888,1.10189982573442,0.0393361886781045,-0.00329364395440156,1,0.969490826633684,0,100
"land162",25,0,0.592079473936543,0.336595117658893,0.00360564911700788,1,14.5444271683078,1.09560673194219,0.047063066675009,-0.00284217775568026,1,0.969490826633684,0,100
"land163",26,1,-0.705860138727674,0.264773765851709,0.00551956895878226,1,13.6463145506927,1.26717744204037,0.0600080735490035,-0.00370006682334268,1,0.969490826633684,0,100
"land164",27,1,0.410233598625695,0.270728394107325,-0.00535168228456185,1,12.1156353629421,1.2373685479193,0.0471637971292672,-0.00314170016544593,1,0.969490826633684,0,100
"land165",28,1,0.519308272363508,0.269922905241501,0.00382064235968103,1,13.7973506666743,1.11516782308731,0.0458563757109959,-0.00312034137921448,1,0.969490826633684,0,100
"land166",29,1,0.358194543602913,0.339035950964391,-0.00391070422199351,1,7.41393473274484,1.64063549972455,0.0961056861183046,-0.00750682921040304,1,0.969490826633684,0,100
"land167",30,0.5,-0.145423601881495,0.35896926921436,-0.000144438553323704,1,8.01594997033856,1.58990473393011,0.0881638210897666,-0.0069454908392841,1,0.969490826633684,0,100
"land168",31,0,-1.24069586596782,0.297626763187492,0.00204335953338069,1,18.5875629410865,1.04165309073977,0.0371849795142333,-0.00211311502903959,1,0.969490826633684,0,100
"land169",32,1.5,-0.00326042128383195,0.244192456059102,-0.00169145829473765,1,14.8684293648702,1.38552819757986,0.0674831994958706,-0.00348087592157884,1,0.969490826633684,0,100
"land170",33,0.5,-1.52342137916205,0.315376587822534,-0.011469046218753,1,8.52525630157807,1.54225068996598,0.0760593177009758,-0.00574107131445735,1,0.969490826633684,0,100
"land171",34,2,1.09752214267721,0.577423002545212,0.00498384263537969,1,3.11766484270178,2.73759038605256,0.291867780841869,-0.0335066194257405,1,0.969490826633684,0,100
"land172",35,0.5,0.0268868909283143,0.239849301624382,0.00378135875179461,1,17.0555731590732,1.01050478811829,0.0435243377826617,-0.00245570663283763,1,0.969490826633684,0,100
"land173",1,1.5,1.40813552789483,0.274106751884641,0.0100918304288036,1,15.0964655291639,1.17014293525125,0.0701568345788814,-0.00406746809840585,1,0.969490826633684,0,100
"land174",2,1.5,0.12981654539151,0.328181504284588,0.00679967231088407,1,15.4428785519069,0.854791101034577,0.0285892705806018,-0.00226234639648633,1,0.969490826633684,0,100
"land175",3,0,0.642687028058149,0.243252689113778,0.00110908155560738,1,14.4915150794194,1.12675088346756,0.0446517712358159,-0.00254142215841709,1,0.969490826633684,0,100
"land176",4,2,-0.908187080217114,0.264984229467076,0.000432455329060824,1,16.7695117130683,0.975967111266064,0.0303548895899339,-0.0019325767674465,1,0.969490826633684,0,100
"land177",5,1.5,0.388495338068746,0.252917019790963,-0.0143964751588287,1,6.23148648916615,1.65144009734462,0.103408936527303,-0.00972198962107747,1,0.969490826633684,0,100
"land178",6,2,0.654298846282359,0.81906077274104,-0.00586086324710704,1,3.6615559605497,2.39950043780832,0.20170041074762,-0.0230270692379841,1,0.969490826633684,0,100
"land179",7,0.5,-0.127469358304278,0.274318649627552,0.00575659814648118,1,9.97151985667193,1.4828504130961,0.0939329728805555,-0.00638066402232509,1,0.969490826633684,0,100
"land180",1,2,-0.118694392600001,0.223766967622757,0.00140566138478646,1,16.3104813636661,1.32820576543021,0.0647653121051819,-0.00300046531117778,1,0.969490826633684,0,100
"land181",2,2,-0.146647555257813,0.230151692897103,-0.00313307138475836,1,13.7408504928976,1.27268076124979,0.0547921857903741,-0.00309783534119246,1,0.969490826633684,0,100
"land182",3,0.5,1.50289386455993,0.429070935530479,-0.00762532350981843,1,11.5502054707984,1.1938678423244,0.0447520487178819,-0.00310500908797859,1,0.969490826633684,0,100
"land183",4,1.5,-0.279908071264136,0.34047397538385,-0.0168076450916194,1,7.66888418014148,1.43698619316238,0.0632322304730428,-0.00577357203949265,1,0.969490826633684,0,100
"land184",5,0.5,1.07643368011243,0.431983549064465,-0.00345280875166854,1,6.87489166666035,1.59075469654008,0.0867650844311941,-0.0074843313511323,1,0.969490826633684,0,100
"land185",6,2,-0.242319317002996,0.320627514229689,-0.00249609237960636,1,10.6430367236692,1.15274900232856,0.0463640001016931,-0.00361129357919312,1,0.969490826633684,0,100
"land186",7,1,-0.447603630424353,0.301487920713331,-0.00020552636462347,1,10.2176831877146,1.32932109638613,0.0661200703581944,-0.00476632122419106,1,0.969490826633684,0,100
"land187",8,1,0.766814880517509,0.326415100467069,0.00271669658078854,1,11.6360891888012,1.38186550138134,0.0616475307823983,-0.00390909501970141,1,0.969490826633684,0,100
"land188",9,1,0.602608593502631,0.321122959050541,-0.000259569956399972,1,14.3732054546793,1.00373458899021,0.0335939371980328,-0.00237805061656478,1,0.969490826633684,0,100
"land189",10,0,-0.075117097370398,0.488920270469784,0.0146004385697712,1,5.83394519513434,1.85748087117466,0.151300104384108,-0.0136829839891629,1,0.969490826633684,0,100
"land190",11,1,-0.228490463487205,0.386514119260747,0.0119391053274125,1,9.38057561012727,1.24222237959329,0.060288935177107,-0.00522407141170992,1,0.969490826633684,0,100
"land191",12,2,-0.752897616105319,0.389739734656637,0.00228609854110689,1,7.7078326410243,1.48850411600525,0.081620972021984,-0.00702667094265825,1,0.969490826633684,0,100
"land192",13,1,0.59776259803375,0.282010426101639,-0.00952152057782494,1,11.5966224795132,1.16765186205068,0.0471972622078573,-0.00337355437881652,1,0.969490826633684,0,100
"land193",14,1.5,-0.128008926499605,0.260149418103523,-0.00939494493351159,1,8.93005045465446,1.56868585664344,0.0965728536960306,-0.00655629756883821,1,0.969490826633684,0,100
"land194",15,1,-1.3865259883743,0.368867828392044,0.00201078103645182,1,12.058198193438,1.16073575416605,0.0502102129327979,-0.00347937985880855,1,0.969490826633684,0,100
"land195",16,0,-0.910909607181763,0.332426454349621,0.00167967767524642,1,10.7081672308093,1.22379753024171,0.0500597250244534,-0.00361908132195557,1,0.969490826633684,0,100
"land196",17,1.5,0.451253067836068,0.346835845414394,0.00827602654611709,1,9.98265659044747,1.19792314212731,0.0537902234393876,-0.00486356178771161,1,0.969490826633684,0,100
"land197",18,0.5,-0.7003813509671,0.353282398502329,-0.00437716814904296,1,10.8716184390625,1.35672820758417,0.0734966977491533,-0.00481538004499253,1,0.969490826633684,0,100
"land198",19,0.5,0.611955220982271,0.464894296596875,0.00624161203017724,1,8.2064011137884,1.41122953235325,0.0725186568098614,-0.00621522828416403,1,0.969490826633684,0,100
"land199",1,2,-0.0249200798304967,0.252493535693423,0.00923064495471376,1,10.6986143529182,1.17248459687366,0.0531811234490511,-0.00435893227217516,1,0.969490826633684,0,100
"land200",2,2,-1.01206342310112,0.326926858499381,0.010411830652935,1,9.07795485156763,1.31528625512176,0.0551835206126879,-0.00466278556221682,1,0.969490826633684,0,100
"land201",3,0,-0.1888537932075,0.368744034389987,-0.0043556632432661,1,8.60840636460558,1.38546216268608,0.0685157453563726,-0.00538272937569337,1,0.969490826633684,0,100
"land202",4,2,0.393248082012342,0.40670798253857,0.00673306324060431,1,6.22070373899844,1.85297008961928,0.122322704579875,-0.0108295937054091,1,0.969490826633684,0,100
"land203",5,0.5,-0.29375551038525,0.297522713392304,0.00371707168132389,1,8.8140052840152,1.2955506171578,0.0548207696860832,-0.00487306066092946,1,0.969490826633684,0,100
"land204",6,0,-0.427533650264313,0.315000484554289,-0.00270516422194193,1,10.1463442435245,1.27994935870836,0.0502723080046541,-0.00375810382253104,1,0.969490826633684,0,100
"land205",7,0.5,-0.203563252928758,0.37608680454219,0.0107140539844074,1,6.89152674717706,1.61232343813219,0.107320484410086,-0.00985878918940586,1,0.969490826633684,0,100
"land206",8,1.5,-0.306139755653192,0.307517493479949,0.00653329688690512,1,8.11402967932771,1.44081131885857,0.0863816370407835,-0.00701042310155871,1,0.969490826633684,0,100
"land207",9,1.5,-0.659538909256238,0.293480954850134,-0.00629441255913084,1,9.72434269047609,1.33859165254262,0.0584655070529931,-0.0042967645568325,1,0.969490826633684,0,100
"land208",10,0.5,-0.253273207753915,0.257471622717172,-0.00673612699870518,1,12.0090450997965,1.38360159750558,0.068484007286964,-0.00424200340504627,1,0.969490826633684,0,100
"land209",11,1,-0.893294675196131,0.405421161557205,0.0135424622910629,1,7.81041548497223,1.49238484337735,0.094038859653844,-0.0084046386594281,1,0.969490826633684,0,100
"land210",12,1,0.502585612931503,0.329241409599332,0.000271921807356224,1,9.14252574735773,1.44245265407928,0.0867496229673754,-0.00649973589252949,1,0.969490826633684,0,100
"land211",13,0.5,-0.490885341940522,0.276088923412003,0.00330900570144206,1,12.0241271546317,1.28493699767965,0.0553146059923255,-0.00362941557779878,1,0.969490826633684,0,100
"land212",14,1.5,-0.28095256218269,0.295542696120217,-0.0019928397416083,1,6.86063814736561,1.5522895750453,0.074257434220815,-0.00666950102017053,1,0.969490826633684,0,100
"land213",15,1,0.67233192066068,0.234951115054622,0.000259523654909588,1,15.3610174431938,1.09468097720537,0.0412270927855697,-0.00263362785914833,1,0.969490826633684,0,100
"land214",1,0,-1.48462067846563,0.347519866219733,0.00305008175948123,1,17.1448786074887,1.34214886392179,0.0602207099946054,-0.00276349684778737,1,0.969490826633684,0,100
"land215",2,0.5,-0.0503273523558995,0.40559093497715,-0.00468740889339925,1,8.65771458792975,1.26700460428036,0.0597375474639367,-0.00529636556189591,1,0.969490826633684,0,100
"land216",3,0.5,-1.81902138951016,0.379587962243828,0.00374738160275542,1,8.98977678362029,1.38953164745617,0.0639235630149912,-0.00503277802908639,1,0.969490826633684,0,100
"land217",4,1.5,-0.218199281693723,0.496824276778076,0.00530856744988711,1,3.1574605097015,2.40694958805448,0.206873922285053,-0.0263451024131712,1,0.969490826633684,0,100
"land218",5,0,-0.440723255962831,0.371509321332015,-0.00855404263022174,1,11.0075022190837,1.21073604464382,0.0442854173681694,-0.00331410944015941,1,0.969490826633684,0,100
"land219",6,1.5,-0.188567205065947,0.252739108761358,-0.00178438975351618,1,12.1300164029359,1.28616453557507,0.0598685761179153,-0.00386688294936755,1,0.969490826633684,0,100
"land220",7,1,0.541906981497771,0.38156116826583,0.00168190177286762,1,12.8775644534578,1.02974064670951,0.0385608726567992,-0.00281216363796998,1,0.969490826633684,0,100
"land221",8,1,-1.29555321729652,0.332763067439498,0.00602599000065585,1,13.7899357626949,1.1313651130641,0.0460693249473943,-0.002846108532081,1,0.969490826633684,0,100
"land222",9,2,0.276596828867948,0.280339765300536,0.00399696562103671,1,14.9771729801566,0.903311626086095,0.0314095523635843,-0.00238938420539357,1,0.969490826633684,0,100
"land223",10,2,0.528496831304184,0.281170141354208,-0.00202593434589567,1,9.41585339783567,1.49212082846082,0.0904962732424713,-0.00616613148232599,1,0.969490826633684,0,100
"land224",11,1.5,1.31164854787844,0.311930559029242,0.00111806946716122,1,7.95391923112584,1.46511427071751,0.075479250772509,-0.00615294726334967,1,0.969490826633684,0,100
"land225",12,1,0.0436252226033039,0.411378259108753,-0.00841510798544858,1,6.44012232709697,1.87349839578197,0.121841494840957,-0.00975449438547129,1,0.969490826633684,0,100
"land226",13,1.5,-0.0922817326099986,0.356977734834578,0.00793109150549293,1,6.63998382929912,1.50793788987574,0.0935686703658614,-0.0090953471363461,1,0.969490826633684,0,100
"land227",14,0,-1.06973105429573,0.598448428088556,0.00271830409340415,1,4.10724252402115,2.26032706186762,0.199448009200886,-0.0211592148449693,1,0.969490826633684,0,100
"land228",15,0,0.485271673762605,0.249831218191799,-0.003745504207972,1,10.3441600491608,1.25193978529772,0.0555636390664383,-0.00399795544333974,1,0.969490826633684,0,100
"land229",16,0.5,0.279193540216228,0.240711015496891,-0.00403238025146328,1,15.6196255185479,1.31439431779157,0.0488952423145366,-0.00243816378442541,1,0.969490826633684,0,100
"land230",17,1.5,0.101965720609828,0.365431173503852,-0.0035806763555155,1,6.36169803725479,1.81320095565891,0.109998047007054,-0.00955839928819043,1,0.969490826633684,0,100
"land231",18,0.5,0.345235593414366,0.314272218731653,-0.0099313473584653,1,7.83834039797138,1.48692361359535,0.0760674376088148,-0.00653795283367439,1,0.969490826633684,0,100
"land232",1,1,0.352217482155089,0.529659515372874,0.00705772462340306,1,4.53884862383013,1.86646270018106,0.137154711511332,-0.0155280026967365,1,0.969490826633684,0,100
"land233",2,1.5,-0.794521184273759,0.289714006834604,0.00419334298866103,1,7.11356939269083,1.5809038050232,0.0970533407829365,-0.00899573266887842,1,0.969490826633684,0,100
"land234",3,1.5,0.378033408839964,0.319431392341675,0.00337871155333379,1,6.88938625358856,1.6234823405664,0.0916573968807168,-0.00795037758176237,1,0.969490826633684,0,100
"land235",4,1,-1.03301519718079,0.28882429994679,1.26208953719451e-05,1,11.2444436519807,1.12461102649252,0.0441181971200244,-0.00320420636728621,1,0.969490826633684,0,100
"land236",5,1.5,-0.394103847757811,0.338967082656991,-0.00349155554104434,1,11.0429974500468,1.06735330725037,0.0370530924430244,-0.0028658383677552,1,0.969490826633684,0,100
"land237",6,1.5,-0.0282719675482767,0.289069610555893,0.00379744760367724,1,11.6307093571206,1.14552857835119,0.0464120111273615,-0.00367538271830547,1,0.969490826633684,0,100
"land238",7,0,-0.758500650129644,0.381392132252904,-0.00226371357794989,1,11.5023528767248,1.27964638880904,0.0619697453414059,-0.0040943689782677,1,0.969490826633684,0,100
"land239",8,1,0.593244713446701,0.289897542330459,-0.00514772085216577,1,4.83601058737959,2.17439831199366,0.171590719101453,-0.0158727317832001,1,0.969490826633684,0,100
"land240",9,1.5,-1.50882932256275,0.451761721453843,-0.0229372502447598,1,4.65798296105184,2.13132698900955,0.187869713538171,-0.0186020495962724,1,0.969490826633684,0,100
"land241",10,0.5,-1.17907883986426,0.386994950296122,0.0137398172470956,1,10.6251272705125,1.25514873014966,0.0687743113340654,-0.00483297209630068,1,0.969490826633684,0,100
"land242",11,0.5,-0.80437654102235,0.33465028302938,-0.00524065485550838,1,7.49929295517033,1.5978959134498,0.0786669013427564,-0.00659925799541053,1,0.969490826633684,0,100
"land243",12,2,0.330966126923461,0.225645913466969,0.00571319185580238,1,9.5566553030157,1.32865631798714,0.0633165689819794,-0.00507191285927309,1,0.969490826633684,0,100
"land244",13,1,-0.286723088338957,0.252508399128745,-0.0029319467573109,1,15.6039102432447,1.16979026972314,0.0390517543203384,-0.00219000380173057,1,0.969490826633684,0,100
"land245",14,2,-0.162908726306882,0.266875145467294,0.00118647024627522,1,11.0370562279926,1.15743177799076,0.0438184088198175,-0.00330672521182325,1,0.969490826633684,0,100
"land246",15,0.5,0.179192779194819,0.278558542285701,0.00358665322755812,1,6.94828016642399,1.60086244528192,0.0848415482054213,-0.00784757950822838,1,0.969490826633684,0,100
"land247",16,1.5,-0.298459354653304,0.21501202941835,-0.000722560667010923,1,13.411281327273,1.29430590916861,0.0653372028753756,-0.00374323808619187,1,0.969490826633684,0,100
"land248",17,2,-0.904261331328673,0.36800436368041,-0.00183866772215657,1,9.25462133602231,1.3460626012539,0.0615526375119944,-0.00502309649438627,1,0.969490826633684,0,100
"land249",1,2,-0.277979329501737,0.300888132550919,-0.00747816454791527,1,6.71830755245303,1.78563711184882,0.091631151474562,-0.0075044236414179,1,0.969490826633684,0,100
"land250",1,0,0.452727648952402,0.31246731994246,-0.00158061181443487,1,11.1047504899284,1.21844450250909,0.0535416056054111,-0.00399607569054333,1,0.969490826633684,0,100
"land251",2,0,-1.4232037492921,0.42320134975984,-0.0365883940976903,1,4.11469876403551,2.34822673176005,0.233656970333341,-0.0244413108227755,1,0.969490826633684,0,100
"land252",3,1.5,0.909001725947879,0.331260372391436,0.0134573215470348,1,8.86369457053663,1.40549589216053,0.0865778206261439,-0.0067711055049626,1,0.969490826633684,0,100
"land253",4,1,0.0782767433954697,0.261998660084002,0.0068520167754839,1,10.4919570834005,1.42276930754053,0.0787360791191258,-0.00547810872951549,1,0.969490826633684,0,100
"land254",5,0.5,0.0881674490631136,0.266759422764838,0.0113550756487621,1,13.4398553273869,1.13589655807198,0.0639989366750839,-0.00413598383513629,1,0.969490826633684,0,100
"land255",1,2,0.119617718135981,0.312344095351231,0.00223218371005367,1,9.41951155663656,1.19474939116953,0.0486865349955163,-0.00439600828282028,1,0.969490826633684,0,100
"land256",2,2,-1.95919689990777,0.427536802005988,-0.00190673279738079,1,10.5228729656629,1.29545628829531,0.0497590057880498,-0.00342965250237986,1,0.969490826633684,0,100
"land257",3,2,-1.03146757991825,0.405686665313604,0.00796825659029951,1,6.73269857471268,1.77839014824504,0.112839963657672,-0.0100432011816084,1,0.969490826633684,0,100
"land258",4,2,0.396758475444648,1.24038347090913,-0.0215181351489582,1,2.87709467251982,2.35171112331071,0.186495435927817,-0.0273158785087916,1,0.969490826633684,0,100
"land259",5,2,-2.73099024397615,1.20043312156473,0.00475563276270937,1,1.75085462367977,4.34123537257818,0.755177807796486,-0.104190227305506,1,0.969490826633684,0,100
"land260",6,2,-0.316136510961459,0.339410754610308,-5.24570808187141e-05,1,7.41016201506103,1.50532167366567,0.0883919525807834,-0.00798624114496901,1,0.969490826633684,0,100
"land261",7,2,0.125801553479516,0.311723230029034,0.0133382070796768,1,11.7678512144992,1.14920731789392,0.054694424813206,-0.00406477137189267,1,0.969490826633684,0,100
"land262",8,2,-0.824170327776693,0.40778034681513,0.00950880134740035,1,8.90397433086644,1.21748156791744,0.0492677700787571,-0.00452997036305672,1,0.969490826633684,0,100
"land263",9,2,0.73284785682319,0.385706568854616,-0.00920745530762723,1,4.40106714863153,2.11684662724653,0.159238303942733,-0.0168005571816307,1,0.969490826633684,0,100
"land264",1,2,0.471142858662938,0.282991693200655,0.00159001757879053,1,13.8508367307518,0.996030036041082,0.0390134010334495,-0.00279275786630658,1,0.969490826633684,0,100
"land265",2,2,-0.186290258811781,0.337138108298978,0.000374778256612503,1,9.46664613721624,1.25609163147457,0.0523129875901384,-0.00437826484027499,1,0.969490826633684,0,100
"land266",1,2,0.181471752730127,0.310032802588196,0.00719903402051366,1,6.42225374947683,1.68651143286281,0.106741270311478,-0.0100436940662086,1,0.969490826633684,0,100
"land267",2,2,0.424936868202469,0.253119060461571,0.00379550733984318,1,14.4144874037671,0.941761013273176,0.0347115396544798,-0.00259079741931238,1,0.969490826633684,0,100
"land268",3,2,0.111753695344335,0.46496243730575,0.000482622904396822,1,6.76279585496977,1.61041315548445,0.0842483755929459,-0.00796584303935307,1,0.969490826633684,0,100
"land269",4,2,-0.22351761760315,0.294713399159078,-0.00471286335450294,1,12.1900812454799,1.23430109983349,0.055193005565993,-0.00365810572981496,1,0.969490826633684,0,100
"land270",5,2,0.666965626978423,0.320459579440595,0.00320603223333096,1,7.71863203226175,1.30826213433763,0.0576570744983545,-0.00571349097028198,1,0.969490826633684,0,100
"land271",6,2,-0.323924180203603,0.708246024146931,-0.00933303645472986,1,3.31186238670577,2.27630343378737,0.166802322133775,-0.0229996049108026,1,0.969490826633684,0,100
"land272",7,2,0.500268119667763,0.312263333874406,0.00658477257529389,1,10.0527685830171,1.38646841184255,0.0904962705703737,-0.00641653965525609,1,0.969490826633684,0,100
"land273",8,2,0.102335706967633,0.28572861398453,-0.00526339539123489,1,11.1821636575197,1.18871403971176,0.0469182821708861,-0.00350230453056672,1,0.969490826633684,0,100
