"V1","V2","V3","V4","V5","V6","V7","V8","V9","V10","V11","V12","V13","V14","V15","V16","V17","V18","V19","V20"
"1",195,335,165,376,168,153,316,341,397,348,368,776,378,381,497,607,640,323,264,368
"2",178,443,143,467,171,137,210,255,267,236,568,830,269,298,409,487,483,354,311,270
"3",163,410,125,402,136,121,150,178,210,146,609,848,224,270,357,424,435,331,295,242
"4",309,453,277,416,261,256,247,138,304,309,616,819,210,273,321,375,407,294,241,210
"5",377,448,402,432,319,351,346,110,363,422,654,791,255,502,295,323,360,265,232,128
"6",340,416,409,472,398,459,442,140,408,475,639,746,219,715,267,261,257,227,361,108
"7",358,374,164,383,362,186,186,109,401,473,576,724,243,734,299,236,384,396,454,118
"8",365,375,253,394,399,274,126,79,312,443,578,705,196,401,196,163,435,527,542,127
"9",354,388,311,390,409,351,228,190,301,415,555,680,194,493,165,143,551,602,730,158
"10",401,441,375,343,338,330,291,263,333,397,508,616,156,553,142,146,512,360,681,229
"11",413,461,424,345,353,331,303,273,361,403,511,628,164,535,160,99,250,208,346,150
"12",413,444,434,369,329,332,318,312,378,445,519,619,432,659,399,360,499,625,615,182
"13",476,503,507,435,417,410,371,367,367,436,485,569,579,540,227,146,188,249,308,133
"14",529,688,600,665,566,515,520,433,404,454,447,520,551,586,416,307,291,176,173,144
"15",247,249,262,606,272,220,454,455,446,477,438,505,546,534,457,411,454,367,390,371
"16",152,201,496,806,217,137,412,445,468,444,432,500,537,518,491,451,449,190,202,497
"17",243,500,880,946,275,320,513,483,463,447,428,468,500,490,514,482,515,148,176,521
"18",166,267,380,452,236,195,463,483,520,467,470,499,568,563,584,562,572,144,131,285
"19",213,209,276,270,226,180,595,646,748,639,675,607,686,720,794,884,842,167,174,560
"20",255,185,191,215,167,178,725,880,1042,956,871,890,839,987,1137,1370,1276,314,251,735
