"V1","V2","V3","V4","V5","V6","V7","V8","V9","V10","V11","V12","V13","V14","V15","V16","V17","V18","V19","V20"
"1",938,371,1921,2573,2263,2940,1417,1047,3597,5847,1209,2140,377,3492,2037,2914,709,1182,730,656
"2",1462,1089,424,384,571,2255,803,1766,1041,1202,3563,3497,641,2791,974,3114,509,560,1278,265
"3",1771,1802,185,178,860,640,1445,734,393,3804,4206,983,2698,1072,1680,1191,202,221,1677,1806
"4",321,2011,1453,1141,1829,2685,3432,333,2538,4058,1029,592,3536,589,919,1434,366,89,314,1659
"5",254,2013,2776,309,420,3742,4519,564,2583,819,334,3103,1089,323,1143,681,763,97,118,1994
"6",239,466,4227,340,1344,703,846,2028,3182,2367,518,4352,707,227,1756,1195,1499,110,170,3472
"7",543,527,4784,730,3129,285,225,2003,559,2378,395,1125,368,897,1992,308,1352,119,346,3672
"8",226,280,1159,733,3200,492,1249,2451,2489,3880,1845,487,183,268,2522,1364,2132,228,125,1065
"9",462,866,578,1863,1162,1829,2087,581,2521,3783,573,230,1470,1847,2616,563,3228,1429,425,1455
"10",927,1738,223,784,403,2447,5248,2084,677,4118,2866,1919,2141,415,539,2081,3640,663,152,687
"11",423,1604,163,398,989,862,3768,948,290,3857,5336,736,402,1011,1024,438,763,2125,1841,1616
"12",1126,2518,224,1288,469,203,978,1497,170,828,6174,4428,557,1658,2135,2400,2425,2913,638,459
"13",307,2984,472,1524,315,460,224,1844,1320,1350,992,1061,333,2782,4378,2805,607,742,1143,296
"14",314,4552,3217,798,736,971,909,2026,1710,2632,3253,3139,3439,5424,4870,1143,3534,2093,823,142
"15",179,637,954,1141,1736,1559,1410,2256,423,3321,3261,689,606,713,1156,3920,5929,1096,1588,397
"16",1125,395,1179,495,2060,2194,517,2561,2593,4278,805,309,2033,5986,3498,1132,1061,310,680,1323
"17",2808,187,547,306,3869,4034,2368,625,533,4132,4981,308,851,4957,1306,345,373,698,220,1664
"18",2393,585,3434,3840,5200,868,644,1243,1365,993,4531,877,3097,1375,439,1107,1208,1422,152,447
"19",878,3333,5266,1017,953,332,1272,3296,2436,2511,1572,3553,5560,767,1165,1998,2892,2075,2190,2153
"20",426,632,954,296,362,155,463,2232,789,5225,2914,984,948,1619,362,448,2023,727,2965,3422
