"V1","V2","V3","V4","V5","V6","V7","V8","V9","V10","V11","V12","V13","V14","V15","V16","V17","V18","V19","V20"
"1",220,539,602,160,230,532,278,520,248,146,315,188,615,265,219,175,335,745,647,704
"2",211,271,571,181,171,316,183,267,322,161,441,438,728,521,196,436,564,332,308,723
"3",189,425,628,424,174,182,335,363,417,352,449,169,245,518,168,227,265,218,430,360
"4",147,511,736,697,156,104,368,416,429,392,503,349,433,557,466,415,186,385,549,190
"5",142,241,813,802,237,102,366,401,374,176,451,492,481,261,468,586,178,484,656,477
"6",230,203,864,417,395,162,394,447,450,445,642,589,716,575,287,678,634,683,889,670
"7",243,285,962,363,309,365,522,500,534,666,722,335,792,845,269,297,232,317,914,366
"8",272,268,495,282,219,176,480,590,641,313,365,212,306,405,514,608,295,714,1209,403
"9",250,269,390,327,430,181,485,692,740,268,245,204,244,512,293,373,226,419,519,413
"10",368,280,352,254,284,350,537,589,346,208,222,160,178,578,219,530,304,319,416,781
"11",249,228,261,220,197,396,551,690,604,210,171,155,282,555,175,310,235,288,277,424
"12",215,185,166,204,315,515,605,746,686,245,150,329,449,577,383,196,179,609,645,286
"13",371,359,140,379,205,492,704,811,396,444,215,187,468,670,516,418,161,262,325,198
"14",529,480,139,452,208,624,843,898,328,303,371,183,581,567,276,518,381,201,482,383
"15",479,493,156,235,199,660,432,439,612,274,240,129,554,307,559,594,516,187,463,247
"16",474,640,403,210,227,901,919,391,377,224,374,129,564,258,608,312,576,448,252,156
"17",615,684,263,156,161,409,454,274,283,161,487,135,588,184,294,202,669,543,180,313
"18",644,802,252,158,210,720,354,253,520,209,498,169,583,160,174,148,534,251,351,546
"19",341,872,642,216,239,804,324,209,682,610,843,414,644,182,349,148,610,520,585,575
"20",150,370,333,147,178,398,248,424,295,307,708,306,730,476,527,218,630,722,252,263
