"V1","V2","V3","V4","V5","V6","V7","V8","V9","V10","V11","V12","V13","V14","V15","V16","V17","V18","V19","V20"
"1",2690,2088,1681,1118,130,120,151,189,329,2643,5549,4527,4329,752,606,414,316,360,1142,1539
"2",3474,3536,3242,1986,882,128,109,174,169,845,4404,1443,5160,566,338,391,2084,2300,597,495
"3",595,536,2559,2856,1575,140,152,152,183,294,1443,4299,7926,4248,378,135,419,578,214,216
"4",212,93,408,2141,2416,1599,1389,275,160,282,404,862,1128,4115,1981,1131,1476,1179,266,158
"5",500,526,908,2146,2234,344,350,114,88,179,228,425,1729,4176,2715,1865,1581,333,88,121
"6",817,1073,1493,2199,2439,184,120,321,317,376,183,124,449,2923,2736,2202,1912,908,83,53
"7",1069,1811,2070,3020,2684,175,57,409,472,654,443,123,900,2528,2549,2204,1914,1348,94,78
"8",177,256,398,2477,3746,1655,858,707,657,621,139,71,1075,2101,2373,2263,1983,1676,769,507
"9",82,115,116,538,3906,2572,2266,1455,1056,820,84,386,1174,1843,2254,2427,2352,1946,1395,1074
"10",202,724,1668,2759,4123,678,3569,2177,1810,1253,646,865,1416,2073,2559,3375,2592,3027,2579,2096
"11",2167,2465,2712,572,754,521,3415,726,1882,1601,1192,1083,1922,2164,3835,3168,651,4292,5741,3721
"12",535,3390,3201,466,357,292,873,276,1770,2173,1353,212,1377,397,2934,712,434,6616,7618,1007
"13",1959,4871,778,259,331,285,301,137,314,1496,1426,125,1293,232,2845,285,370,1152,1419,541
"14",850,7139,619,282,260,216,188,443,664,1336,1540,920,1675,1543,3226,436,1688,737,536,244
"15",6130,11713,1166,309,273,711,644,801,987,1316,1540,1477,1983,2733,4122,315,685,309,332,540
"16",1342,2295,732,413,1142,1605,1874,1675,1649,1738,1929,2211,3135,5154,4623,476,273,852,1140,1616
"17",443,869,735,325,310,335,2216,2844,2618,3146,3406,4357,6682,8666,1231,241,149,1168,1680,2225
"18",339,601,580,334,210,152,382,387,477,5285,5484,11502,12202,13034,1391,302,150,1692,2539,3124
"19",410,378,388,223,145,151,212,225,577,4661,1824,8740,2512,2564,841,429,239,2319,5599,6153
"20",821,289,776,685,124,150,184,235,241,1272,443,2283,778,897,791,498,200,718,7449,8571
