"V1","V2","V3","V4","V5","V6","V7","V8","V9","V10","V11","V12","V13","V14","V15","V16","V17","V18","V19","V20"
"1",1,1,2,771,585,2,1,616,1,1,579,2,1,546,633,711,699,759,655,529
"2",3,9,13,6,5,4,1,624,1,1,895,522,1,574,713,757,722,774,781,584
"3",2,12,15,9,17,5,1,640,1,1,778,1,1,589,763,787,826,772,831,641
"4",3,16,25,24,21,5,3,726,903,828,918,780,1,530,718,842,843,823,824,630
"5",3,10,13,19,18,12,3,848,915,969,873,1030,704,1,1,677,780,743,780,751
"6",3,11,21,13,15,13,2,796,902,949,931,863,933,486,1,526,650,752,645,770
"7",4,4,24,13,23,16,5,616,935,972,988,916,869,1,1,1,1,2,2,532
"8",5,4,15,13,16,28,12,2,677,863,854,799,1115,998,1035,909,1,3,1,3
"9",1,4,3,4,15,24,17,7,2,1,3,3,816,1097,1175,1062,1,4,4,4
"10",2,2,729,5,6,11,14,12,1,1,4,4,3,822,1041,852,2,6,4,2
"11",710,832,981,1,4,5,12,9,6,3,13,17,9,1,1,1,3,7,2,4
"12",794,961,1048,895,735,3,6,5,16,10,13,21,5,598,778,946,777,2,1,2
"13",894,1015,1067,1088,960,723,656,4,13,14,11,9,3,2,1,847,855,1,1,2
"14",956,1005,1054,1041,915,821,771,1,1,4,9,9,1,2400,1,708,964,493,1,655
"15",916,866,885,1032,1008,964,905,689,712,582,2,2,2,1,1,2,720,1,1,753
"16",646,1,1,690,862,894,817,837,790,883,454,2,3587,2,1,774,1062,872,880,957
"17",2,1,2,2,730,847,813,881,816,697,2,4,2,3,2,834,1013,893,976,835
"18",2,2,1,1,783,883,876,813,796,643,2,3,4,1,3,692,881,982,956,793
"19",2,9,6,3,788,813,740,718,707,716,391,1,2,2,6,2,677,883,851,696
"20",1,2,2,802,1018,848,731,769,644,503,1,2,1,1,1,606,837,832,724,601
