"V1","V2","V3","V4","V5","V6","V7","V8","V9","V10","V11","V12","V13","V14","V15","V16","V17","V18","V19","V20"
"1",2740,1543,878,229,227,343,455,597,927,918,1025,1432,980,572,339,308,1360,1789,2018,2218
"2",2845,2169,1617,893,219,266,433,622,827,881,965,992,683,334,854,1072,594,777,860,609
"3",2411,2253,1865,1386,160,206,347,522,709,759,693,732,1236,978,1257,1429,281,530,638,346
"4",2109,2203,1958,1574,121,117,258,381,582,544,443,1049,1460,1278,1339,1455,203,344,408,216
"5",1798,2075,2055,1821,765,561,681,266,343,364,858,1261,1372,1318,1268,1482,709,196,193,91
"6",1541,1893,1904,1700,1080,831,794,106,177,119,883,1184,1273,1279,1342,1330,1027,579,467,83
"7",1406,1846,1886,1781,1310,1043,951,482,445,387,871,1138,1197,1228,1291,1249,1031,818,654,91
"8",1456,1981,2130,2206,1735,1349,1074,757,622,583,827,1079,1130,1209,1281,1255,1051,901,856,607
"9",1991,2746,3488,2612,2982,2163,1503,1008,766,711,827,1046,1097,1220,1203,1223,1126,1033,1018,1204
"10",2712,4079,3879,707,2898,3002,2389,1411,1010,827,861,964,1094,1244,1240,1301,1247,1325,1500,2266
"11",538,541,705,240,435,469,1806,1582,1229,986,908,950,1044,1223,1221,1301,1572,1556,2816,2106
"12",2368,3545,4338,4046,405,1032,2244,1702,1353,1141,982,959,1011,1185,1252,1376,1439,332,3457,575
"13",4497,7572,9783,8524,775,385,2208,1969,1641,1286,1113,1134,1164,1220,1279,1475,1651,419,3976,792
"14",848,1143,1432,1744,538,284,2205,2923,2131,1578,1333,1218,1265,1340,1382,1676,1911,238,1043,357
"15",382,623,759,874,610,243,480,2300,2894,2027,1640,1453,1473,1547,1612,1857,2003,148,317,277
"16",304,516,659,779,583,294,167,427,2291,2478,2223,2131,2462,2516,2379,2324,2125,173,729,883
"17",180,386,545,639,495,470,181,1756,3413,3971,4362,4752,3827,4139,3641,3673,2825,1339,1490,1545
"18",231,314,471,545,594,1834,577,3099,8127,6706,8002,11648,1051,630,566,3721,3574,2893,2761,2853
"19",420,288,379,446,342,881,328,1013,7067,1797,2039,12287,1864,504,397,3892,6965,6711,7209,7227
"20",1062,232,274,309,335,429,409,478,2028,889,952,3412,1129,606,294,952,8450,12608,14483,11627
