"V1","V2","V3","V4","V5","V6","V7","V8","V9","V10","V11","V12","V13","V14","V15","V16","V17","V18","V19","V20"
"1",166,145,127,78,185,205,154,47,140,226,205,1259,432,330,260,219,241,225,195,195
"2",138,130,111,142,183,195,199,123,210,354,380,348,254,211,213,212,247,220,152,215
"3",211,94,194,223,204,211,218,203,240,370,522,613,635,146,168,193,206,172,203,675
"4",77,53,229,242,228,248,218,195,258,389,493,664,768,73,123,173,188,162,120,412
"5",281,67,276,272,244,232,227,233,250,354,494,665,778,59,114,176,195,181,290,1277
"6",116,54,278,312,281,268,269,275,278,339,477,664,784,72,103,151,176,165,182,606
"7",117,267,554,486,410,365,346,340,324,374,502,664,775,77,78,118,159,161,214,260
"8",90,117,564,731,624,595,388,479,436,477,563,681,1022,451,101,111,143,160,203,214
"9",85,45,103,98,106,473,99,604,690,627,636,746,868,125,57,104,120,148,182,155
"10",89,55,482,754,507,1202,1194,1044,958,898,758,861,943,77,69,97,116,138,139,137
"11",93,86,879,1097,233,1605,1835,300,164,780,872,908,955,68,63,65,98,99,90,104
"12",94,66,174,264,123,327,377,110,61,850,1117,1290,1406,969,852,179,1136,1419,158,113
"13",108,95,93,150,142,205,198,124,109,880,1712,1723,2059,2134,2399,2303,3323,3033,334,132
"14",131,124,84,112,139,199,198,127,82,161,1412,238,305,297,365,467,519,635,219,161
"15",145,115,101,124,147,179,185,131,72,113,2023,294,1364,217,195,249,274,345,242,180
"16",156,149,135,119,140,173,161,128,93,205,3059,3181,3057,325,208,225,272,310,279,229
"17",173,156,138,144,137,163,152,138,108,85,448,553,635,147,194,237,301,326,257,243
"18",206,163,145,149,145,179,163,140,112,100,211,2119,1619,267,167,227,295,304,237,235
"19",218,177,149,137,113,131,116,124,94,84,213,3875,628,205,179,232,275,257,232,239
"20",213,173,155,111,95,86,82,75,63,85,407,4685,803,278,227,218,230,238,213,228
